       X                   F4                  F5                  F6                  F7                  F8              q-mean(x)    
  1.000000e-03        1.000000e+00       -8.000000e-07        0.000000e+00        5.000000e-08        1.900000e-09        3.999996e+00  
  8.495000e-03        9.732944e-01        2.654808e-02        1.566734e-04        1.113989e-07        1.749065e-09        4.026859e+00  
  1.599000e-02        9.473266e-01        5.205416e-02        6.179300e-04        5.360718e-07        1.681752e-09        4.053289e+00  
  2.348500e-02        9.220761e-01        7.655059e-02        1.370935e-03        1.672412e-06        1.906557e-09        4.079295e+00  
  3.098000e-02        8.975226e-01        1.000696e-01        2.403272e-03        3.853067e-06        2.763133e-09        4.104885e+00  
  3.847500e-02        8.736467e-01        1.226423e-01        3.702928e-03        7.395463e-06        4.715815e-09        4.130068e+00  
  4.597000e-02        8.504294e-01        1.442990e-01        5.258285e-03        1.260232e-05        8.347366e-09        4.154851e+00  
  5.346500e-02        8.278523e-01        1.650692e-01        7.058105e-03        1.976213e-05        1.435294e-08        4.179242e+00  
  6.096000e-02        8.058974e-01        1.849813e-01        9.091521e-03        2.914967e-05        2.353426e-08        4.203249e+00  
  6.845500e-02        7.845473e-01        2.040630e-01        1.134802e-02        4.102641e-05        3.679400e-08        4.226880e+00  
  7.595000e-02        7.637851e-01        2.223411e-01        1.381745e-02        5.564104e-05        5.513035e-08        4.250141e+00  
  8.344500e-02        7.435944e-01        2.398417e-01        1.648998e-02        7.322984e-05        7.963179e-08        4.273039e+00  
  9.094000e-02        7.239591e-01        2.565900e-01        1.935612e-02        9.401713e-05        1.114721e-07        4.295582e+00  
  9.843500e-02        7.048638e-01        2.726106e-01        2.240668e-02        1.182157e-04        1.519053e-07        4.317777e+00  
  1.059300e-01        6.862933e-01        2.879271e-01        2.563279e-02        1.460271e-04        2.022612e-07        4.339629e+00  
  1.134250e-01        6.682330e-01        3.025626e-01        2.902589e-02        1.776423e-04        2.639409e-07        4.361146e+00  
  1.209200e-01        6.506686e-01        3.165396e-01        3.257768e-02        2.132416e-04        3.384121e-07        4.382334e+00  
  1.284150e-01        6.335863e-01        3.298796e-01        3.628017e-02        2.529956e-04        4.272051e-07        4.403199e+00  
  1.359100e-01        6.169725e-01        3.426037e-01        4.012562e-02        2.970650e-04        5.319090e-07        4.423746e+00  
  1.434050e-01        6.008143e-01        3.547324e-01        4.410656e-02        3.456011e-04        6.541673e-07        4.443983e+00  
  1.509000e-01        5.850988e-01        3.662853e-01        4.821579e-02        3.987465e-04        7.956746e-07        4.463914e+00  
  1.583950e-01        5.698138e-01        3.772818e-01        5.244633e-02        4.566347e-04        9.581727e-07        4.483546e+00  
  1.658900e-01        5.549472e-01        3.877403e-01        5.679147e-02        5.193912e-04        1.143447e-06        4.502884e+00  
  1.733850e-01        5.404873e-01        3.976790e-01        6.124471e-02        5.871332e-04        1.353324e-06        4.521933e+00  
  1.808800e-01        5.264229e-01        4.071153e-01        6.579979e-02        6.599702e-04        1.589667e-06        4.540699e+00  
  1.883750e-01        5.127428e-01        4.160663e-01        7.045066e-02        7.380041e-04        1.854374e-06        4.559187e+00  
  1.958700e-01        4.994363e-01        4.245483e-01        7.519149e-02        8.213296e-04        2.149372e-06        4.577402e+00  
  2.033650e-01        4.864931e-01        4.325773e-01        8.001665e-02        9.100346e-04        2.476620e-06        4.595349e+00  
  2.108600e-01        4.739031e-01        4.401688e-01        8.492071e-02        1.004200e-03        2.838099e-06        4.613033e+00  
  2.183550e-01        4.616563e-01        4.473378e-01        8.989843e-02        1.103901e-03        3.235816e-06        4.630458e+00  
  2.258500e-01        4.497432e-01        4.540988e-01        9.494477e-02        1.209205e-03        3.671795e-06        4.647629e+00  
  2.333450e-01        4.381545e-01        4.604659e-01        1.000549e-01        1.320175e-03        4.148081e-06        4.664551e+00  
  2.408400e-01        4.268813e-01        4.664528e-01        1.052240e-01        1.436867e-03        4.666734e-06        4.681229e+00  
  2.483350e-01        4.159147e-01        4.720727e-01        1.104477e-01        1.559333e-03        5.229825e-06        4.697666e+00  
  2.558300e-01        4.052462e-01        4.773385e-01        1.157215e-01        1.687618e-03        5.839438e-06        4.713866e+00  
  2.633250e-01        3.948675e-01        4.822626e-01        1.210414e-01        1.821762e-03        6.497667e-06        4.729835e+00  
  2.708200e-01        3.847705e-01        4.868570e-01        1.264031e-01        1.961803e-03        7.206612e-06        4.745576e+00  
  2.783150e-01        3.749474e-01        4.911336e-01        1.318029e-01        2.107770e-03        7.968378e-06        4.761093e+00  
  2.858100e-01        3.653907e-01        4.951034e-01        1.372371e-01        2.259689e-03        8.785074e-06        4.776390e+00  
  2.933050e-01        3.560929e-01        4.987777e-01        1.427019e-01        2.417584e-03        9.658810e-06        4.791472e+00  
  3.008000e-01        3.470468e-01        5.021670e-01        1.481939e-01        2.581471e-03        1.059170e-05        4.806340e+00  
  3.082950e-01        3.382454e-01        5.052815e-01        1.537098e-01        2.751365e-03        1.158584e-05        4.821000e+00  
  3.157900e-01        3.296820e-01        5.081314e-01        1.592464e-01        2.927275e-03        1.264335e-05        4.835455e+00  
  3.232850e-01        3.213499e-01        5.107263e-01        1.648006e-01        3.109208e-03        1.376633e-05        4.849709e+00  
  3.307800e-01        3.132427e-01        5.130755e-01        1.703694e-01        3.297166e-03        1.495687e-05        4.863764e+00  
  3.382750e-01        3.053543e-01        5.151881e-01        1.759500e-01        3.491148e-03        1.621706e-05        4.877625e+00  
  3.457700e-01        2.976785e-01        5.170730e-01        1.815396e-01        3.691151e-03        1.754898e-05        4.891295e+00  
  3.532650e-01        2.902094e-01        5.187386e-01        1.871356e-01        3.897168e-03        1.895470e-05        4.904776e+00  
  3.607600e-01        2.829413e-01        5.201933e-01        1.927355e-01        4.109187e-03        2.043627e-05        4.918073e+00  
  3.682550e-01        2.758687e-01        5.214450e-01        1.983369e-01        4.327197e-03        2.199575e-05        4.931187e+00  
  3.757500e-01        2.689861e-01        5.225014e-01        2.039374e-01        4.551181e-03        2.363517e-05        4.944123e+00  
  3.832450e-01        2.622883e-01        5.233701e-01        2.095348e-01        4.781121e-03        2.535654e-05        4.956884e+00  
  3.907400e-01        2.557702e-01        5.240583e-01        2.151270e-01        5.016997e-03        2.716188e-05        4.969471e+00  
  3.982350e-01        2.494269e-01        5.245731e-01        2.207120e-01        5.258785e-03        2.905317e-05        4.981889e+00  
  4.057300e-01        2.432533e-01        5.249213e-01        2.262877e-01        5.506459e-03        3.103238e-05        4.994139e+00  
  4.132250e-01        2.372450e-01        5.251094e-01        2.318523e-01        5.759992e-03        3.310147e-05        5.006225e+00  
  4.207200e-01        2.313974e-01        5.251439e-01        2.374039e-01        6.019354e-03        3.526237e-05        5.018150e+00  
  4.282150e-01        2.257059e-01        5.250308e-01        2.429410e-01        6.284514e-03        3.751701e-05        5.029916e+00  
  4.357100e-01        2.201663e-01        5.247763e-01        2.484618e-01        6.555437e-03        3.986727e-05        5.041525e+00  
  4.432050e-01        2.147744e-01        5.243861e-01        2.539648e-01        6.832089e-03        4.231504e-05        5.052981e+00  
  4.507000e-01        2.095262e-01        5.238658e-01        2.594485e-01        7.114433e-03        4.486218e-05        5.064285e+00  
  4.581950e-01        2.044176e-01        5.232208e-01        2.649114e-01        7.402429e-03        4.751051e-05        5.075440e+00  
  4.656900e-01        1.994449e-01        5.224564e-01        2.703522e-01        7.696037e-03        5.026186e-05        5.086449e+00  
  4.731850e-01        1.946043e-01        5.215776e-01        2.757696e-01        7.995217e-03        5.311801e-05        5.097314e+00  
  4.806800e-01        1.898921e-01        5.205893e-01        2.811624e-01        8.299924e-03        5.608072e-05        5.108038e+00  
  4.881750e-01        1.853049e-01        5.194964e-01        2.865293e-01        8.610115e-03        5.915176e-05        5.118621e+00  
  4.956700e-01        1.808391e-01        5.183033e-01        2.918693e-01        8.925744e-03        6.233283e-05        5.129068e+00  
  5.031650e-01        1.764915e-01        5.170146e-01        2.971813e-01        9.246765e-03        6.562563e-05        5.139379e+00  
  5.106600e-01        1.722588e-01        5.156346e-01        3.024643e-01        9.573129e-03        6.903183e-05        5.149558e+00  
  5.181550e-01        1.681379e-01        5.141673e-01        3.077173e-01        9.904788e-03        7.255308e-05        5.159606e+00  
  5.256500e-01        1.641256e-01        5.126169e-01        3.129394e-01        1.024169e-02        7.619101e-05        5.169525e+00  
  5.331450e-01        1.602191e-01        5.109872e-01        3.181299e-01        1.058379e-02        7.994721e-05        5.179317e+00  
  5.406400e-01        1.564154e-01        5.092819e-01        3.232877e-01        1.093103e-02        8.382325e-05        5.188985e+00  
  5.481350e-01        1.527117e-01        5.075047e-01        3.284123e-01        1.128337e-02        8.782068e-05        5.198530e+00  
  5.556300e-01        1.491052e-01        5.056591e-01        3.335028e-01        1.164074e-02        9.194101e-05        5.207954e+00  
  5.631250e-01        1.455934e-01        5.037486e-01        3.385586e-01        1.200310e-02        9.618574e-05        5.217259e+00  
  5.706200e-01        1.421736e-01        5.017763e-01        3.435791e-01        1.237038e-02        1.005563e-04        5.226447e+00  
  5.781150e-01        1.388432e-01        4.997454e-01        3.485636e-01        1.274255e-02        1.050542e-04        5.235520e+00  
  5.856100e-01        1.355999e-01        4.976591e-01        3.535116e-01        1.311953e-02        1.096809e-04        5.244479e+00  
  5.931050e-01        1.324413e-01        4.955202e-01        3.584226e-01        1.350128e-02        1.144376e-04        5.253327e+00  
  6.006000e-01        1.293651e-01        4.933316e-01        3.632961e-01        1.388773e-02        1.193258e-04        5.262064e+00  
  6.080950e-01        1.263690e-01        4.910961e-01        3.681316e-01        1.427884e-02        1.243468e-04        5.270693e+00  
  6.155900e-01        1.234508e-01        4.888164e-01        3.729287e-01        1.467454e-02        1.295019e-04        5.279215e+00  
  6.230850e-01        1.206085e-01        4.864949e-01        3.776870e-01        1.507478e-02        1.347924e-04        5.287632e+00  
  6.305800e-01        1.178399e-01        4.841342e-01        3.824061e-01        1.547950e-02        1.402195e-04        5.295945e+00  
  6.380750e-01        1.151430e-01        4.817367e-01        3.870858e-01        1.588864e-02        1.457845e-04        5.304157e+00  
  6.455700e-01        1.125160e-01        4.793047e-01        3.917257e-01        1.630214e-02        1.514886e-04        5.312268e+00  
  6.530650e-01        1.099568e-01        4.768404e-01        3.963255e-01        1.671995e-02        1.573329e-04        5.320280e+00  
  6.605600e-01        1.074637e-01        4.743459e-01        4.008850e-01        1.714201e-02        1.633186e-04        5.328195e+00  
  6.680550e-01        1.050349e-01        4.718234e-01        4.054040e-01        1.756826e-02        1.694468e-04        5.336014e+00  
  6.755500e-01        1.026685e-01        4.692748e-01        4.098822e-01        1.799863e-02        1.757185e-04        5.343738e+00  
  6.830450e-01        1.003631e-01        4.667021e-01        4.143196e-01        1.843308e-02        1.821350e-04        5.351369e+00  
  6.905400e-01        9.811676e-02        4.641071e-01        4.187158e-01        1.887155e-02        1.886971e-04        5.358908e+00  
  6.980350e-01        9.592803e-02        4.614916e-01        4.230709e-01        1.931396e-02        1.954059e-04        5.366357e+00  
  7.055300e-01        9.379533e-02        4.588573e-01        4.273847e-01        1.976028e-02        2.022625e-04        5.373716e+00  
  7.130250e-01        9.171715e-02        4.562060e-01        4.316571e-01        2.021043e-02        2.092677e-04        5.380988e+00  
  7.205200e-01        8.969200e-02        4.535392e-01        4.358880e-01        2.066436e-02        2.164224e-04        5.388174e+00  
  7.280150e-01        8.771846e-02        4.508583e-01        4.400774e-01        2.112200e-02        2.237277e-04        5.395274e+00  
  7.355100e-01        8.579513e-02        4.481651e-01        4.442252e-01        2.158332e-02        2.311843e-04        5.402290e+00  
  7.430050e-01        8.392067e-02        4.454607e-01        4.483315e-01        2.204823e-02        2.387932e-04        5.409223e+00  
  7.505000e-01        8.209376e-02        4.427468e-01        4.523962e-01        2.251669e-02        2.465551e-04        5.416075e+00  
  7.579950e-01        8.031311e-02        4.400244e-01        4.564193e-01        2.298864e-02        2.544709e-04        5.422847e+00  
  7.654900e-01        7.857750e-02        4.372950e-01        4.604009e-01        2.346402e-02        2.625413e-04        5.429539e+00  
  7.729850e-01        7.688570e-02        4.345597e-01        4.643410e-01        2.394278e-02        2.707672e-04        5.436153e+00  
  7.804800e-01        7.523654e-02        4.318198e-01        4.682396e-01        2.442485e-02        2.791491e-04        5.442690e+00  
  7.879750e-01        7.362888e-02        4.290763e-01        4.720969e-01        2.491018e-02        2.876879e-04        5.449151e+00  
  7.954700e-01        7.206161e-02        4.263304e-01        4.759129e-01        2.539871e-02        2.963842e-04        5.455538e+00  
  8.029650e-01        7.053364e-02        4.235830e-01        4.796877e-01        2.589038e-02        3.052386e-04        5.461850e+00  
  8.104600e-01        6.904393e-02        4.208352e-01        4.834214e-01        2.638515e-02        3.142519e-04        5.468090e+00  
  8.179550e-01        6.759145e-02        4.180880e-01        4.871142e-01        2.688295e-02        3.234245e-04        5.474259e+00  
  8.254500e-01        6.617521e-02        4.153422e-01        4.907661e-01        2.738372e-02        3.327571e-04        5.480356e+00  
  8.329450e-01        6.479424e-02        4.125988e-01        4.943773e-01        2.788742e-02        3.422503e-04        5.486384e+00  
  8.404400e-01        6.344761e-02        4.098585e-01        4.979479e-01        2.839399e-02        3.519045e-04        5.492344e+00  
  8.479350e-01        6.213439e-02        4.071223e-01        5.014782e-01        2.890336e-02        3.617203e-04        5.498236e+00  
  8.554300e-01        6.085371e-02        4.043908e-01        5.049682e-01        2.941550e-02        3.716983e-04        5.504060e+00  
  8.629250e-01        5.960469e-02        4.016649e-01        5.084182e-01        2.993034e-02        3.818387e-04        5.509820e+00  
  8.704200e-01        5.838650e-02        3.989452e-01        5.118283e-01        3.044784e-02        3.921422e-04        5.515514e+00  
  8.779150e-01        5.719831e-02        3.962325e-01        5.151987e-01        3.096793e-02        4.026090e-04        5.521144e+00  
  8.854100e-01        5.603934e-02        3.935273e-01        5.185296e-01        3.149056e-02        4.132397e-04        5.526711e+00  
  8.929050e-01        5.490880e-02        3.908302e-01        5.218212e-01        3.201569e-02        4.240345e-04        5.532216e+00  
  9.004000e-01        5.380596e-02        3.881420e-01        5.250738e-01        3.254325e-02        4.349939e-04        5.537659e+00  
  9.078950e-01        5.273007e-02        3.854631e-01        5.282874e-01        3.307321e-02        4.461182e-04        5.543042e+00  
  9.153900e-01        5.168042e-02        3.827942e-01        5.314625e-01        3.360550e-02        4.574077e-04        5.548365e+00  
  9.228850e-01        5.065633e-02        3.801356e-01        5.345991e-01        3.414008e-02        4.688627e-04        5.553629e+00  
  9.303800e-01        4.965712e-02        3.774879e-01        5.376976e-01        3.467689e-02        4.804834e-04        5.558836e+00  
  9.378750e-01        4.868214e-02        3.748516e-01        5.407581e-01        3.521589e-02        4.922701e-04        5.563984e+00  
  9.453700e-01        4.773075e-02        3.722271e-01        5.437809e-01        3.575702e-02        5.042231e-04        5.569077e+00  
  9.528650e-01        4.680232e-02        3.696148e-01        5.467662e-01        3.630024e-02        5.163426e-04        5.574113e+00  
  9.603600e-01        4.589627e-02        3.670152e-01        5.497144e-01        3.684550e-02        5.286286e-04        5.579095e+00  
  9.678550e-01        4.501200e-02        3.644286e-01        5.526256e-01        3.739275e-02        5.410815e-04        5.584022e+00  
  9.753500e-01        4.414894e-02        3.618553e-01        5.555001e-01        3.794193e-02        5.537014e-04        5.588896e+00  
  9.828450e-01        4.330655e-02        3.592958e-01        5.583382e-01        3.849302e-02        5.664884e-04        5.593717e+00  
  9.903400e-01        4.248427e-02        3.567503e-01        5.611401e-01        3.904594e-02        5.794426e-04        5.598486e+00  
  9.978350e-01        4.168159e-02        3.542191e-01        5.639061e-01        3.960067e-02        5.925641e-04        5.603203e+00  
  1.005330e+00        4.089799e-02        3.517026e-01        5.666364e-01        4.015715e-02        6.058530e-04        5.607870e+00  
  1.012825e+00        4.013299e-02        3.492009e-01        5.693314e-01        4.071534e-02        6.193093e-04        5.612487e+00  
  1.020320e+00        3.938609e-02        3.467144e-01        5.719913e-01        4.127520e-02        6.329331e-04        5.617054e+00  
  1.027815e+00        3.865683e-02        3.442433e-01        5.746164e-01        4.183666e-02        6.467245e-04        5.621573e+00  
  1.035310e+00        3.794475e-02        3.417878e-01        5.772070e-01        4.239971e-02        6.606834e-04        5.626044e+00  
  1.042805e+00        3.724941e-02        3.393482e-01        5.797633e-01        4.296428e-02        6.748098e-04        5.630467e+00  
  1.050300e+00        3.657037e-02        3.369245e-01        5.822857e-01        4.353034e-02        6.891036e-04        5.634843e+00  
  1.057795e+00        3.590721e-02        3.345170e-01        5.847743e-01        4.409784e-02        7.035650e-04        5.639174e+00  
  1.065290e+00        3.525953e-02        3.321259e-01        5.872296e-01        4.466674e-02        7.181937e-04        5.643458e+00  
  1.072785e+00        3.462693e-02        3.297514e-01        5.896517e-01        4.523699e-02        7.329897e-04        5.647698e+00  
  1.080280e+00        3.400902e-02        3.273934e-01        5.920410e-01        4.580857e-02        7.479529e-04        5.651893e+00  
  1.087775e+00        3.340541e-02        3.250523e-01        5.943978e-01        4.638142e-02        7.630832e-04        5.656044e+00  
  1.095270e+00        3.281576e-02        3.227281e-01        5.967223e-01        4.695550e-02        7.783805e-04        5.660153e+00  
  1.102765e+00        3.223969e-02        3.204209e-01        5.990148e-01        4.753077e-02        7.938447e-04        5.664218e+00  
  1.110260e+00        3.167687e-02        3.181309e-01        6.012756e-01        4.810720e-02        8.094755e-04        5.668242e+00  
  1.117755e+00        3.112695e-02        3.158580e-01        6.035050e-01        4.868475e-02        8.252729e-04        5.672223e+00  
  1.125250e+00        3.058960e-02        3.136025e-01        6.057033e-01        4.926336e-02        8.412366e-04        5.676164e+00  
  1.132745e+00        3.006451e-02        3.113643e-01        6.078708e-01        4.984302e-02        8.573664e-04        5.680065e+00  
  1.140240e+00        2.955137e-02        3.091435e-01        6.100078e-01        5.042367e-02        8.736622e-04        5.683925e+00  
  1.147735e+00        2.904986e-02        3.069402e-01        6.121145e-01        5.100528e-02        8.901236e-04        5.687746e+00  
  1.155230e+00        2.855971e-02        3.047545e-01        6.141913e-01        5.158782e-02        9.067505e-04        5.691528e+00  
  1.162725e+00        2.808061e-02        3.025863e-01        6.162384e-01        5.217124e-02        9.235426e-04        5.695271e+00  
  1.170220e+00        2.761230e-02        3.004356e-01        6.182561e-01        5.275551e-02        9.404997e-04        5.698976e+00  
  1.177715e+00        2.715449e-02        2.983026e-01        6.202447e-01        5.334060e-02        9.576214e-04        5.702644e+00  
  1.185210e+00        2.670693e-02        2.961872e-01        6.222045e-01        5.392646e-02        9.749075e-04        5.706275e+00  
  1.192705e+00        2.626936e-02        2.940895e-01        6.241357e-01        5.451307e-02        9.923576e-04        5.709870e+00  
  1.200200e+00        2.584153e-02        2.920094e-01        6.260388e-01        5.510038e-02        1.009972e-03        5.713428e+00  
  1.207695e+00        2.542319e-02        2.899469e-01        6.279138e-01        5.568837e-02        1.027749e-03        5.716951e+00  
  1.215190e+00        2.501411e-02        2.879020e-01        6.297612e-01        5.627700e-02        1.045689e-03        5.720438e+00  
  1.222685e+00        2.461405e-02        2.858747e-01        6.315812e-01        5.686624e-02        1.063792e-03        5.723891e+00  
  1.230180e+00        2.422279e-02        2.838650e-01        6.333741e-01        5.745605e-02        1.082058e-03        5.727310e+00  
  1.237675e+00        2.384012e-02        2.818729e-01        6.351402e-01        5.804640e-02        1.100485e-03        5.730694e+00  
  1.245170e+00        2.346582e-02        2.798982e-01        6.368797e-01        5.863726e-02        1.119074e-03        5.734046e+00  
  1.252665e+00        2.309968e-02        2.779411e-01        6.385929e-01        5.922860e-02        1.137824e-03        5.737364e+00  
  1.260160e+00        2.274150e-02        2.760013e-01        6.402801e-01        5.982039e-02        1.156735e-03        5.740650e+00  
  1.267655e+00        2.239108e-02        2.740790e-01        6.419415e-01        6.041259e-02        1.175807e-03        5.743903e+00  
  1.275150e+00        2.204824e-02        2.721740e-01        6.435776e-01        6.100517e-02        1.195038e-03        5.747125e+00  
  1.282645e+00        2.171278e-02        2.702863e-01        6.451884e-01        6.159811e-02        1.214429e-03        5.750315e+00  
  1.290140e+00        2.138453e-02        2.684158e-01        6.467743e-01        6.219137e-02        1.233979e-03        5.753475e+00  
  1.297635e+00        2.106331e-02        2.665625e-01        6.483356e-01        6.278493e-02        1.253687e-03        5.756603e+00  
  1.305130e+00        2.074894e-02        2.647263e-01        6.498725e-01        6.337875e-02        1.273553e-03        5.759702e+00  
  1.312625e+00        2.044127e-02        2.629071e-01        6.513852e-01        6.397282e-02        1.293578e-03        5.762770e+00  
  1.320120e+00        2.014012e-02        2.611049e-01        6.528742e-01        6.456709e-02        1.313759e-03        5.765810e+00  
  1.327615e+00        1.984534e-02        2.593196e-01        6.543395e-01        6.516154e-02        1.334097e-03        5.768820e+00  
  1.335110e+00        1.955678e-02        2.575510e-01        6.557815e-01        6.575615e-02        1.354591e-03        5.771801e+00  
  1.342605e+00        1.927428e-02        2.557992e-01        6.572004e-01        6.635088e-02        1.375241e-03        5.774754e+00  
  1.350100e+00        1.899770e-02        2.540640e-01        6.585965e-01        6.694572e-02        1.396045e-03        5.777679e+00  
  1.357595e+00        1.872689e-02        2.523454e-01        6.599701e-01        6.754063e-02        1.417005e-03        5.780576e+00  
  1.365090e+00        1.846172e-02        2.506432e-01        6.613214e-01        6.813559e-02        1.438118e-03        5.783445e+00  
  1.372585e+00        1.820205e-02        2.489575e-01        6.626506e-01        6.873057e-02        1.459385e-03        5.786288e+00  
  1.380080e+00        1.794775e-02        2.472879e-01        6.639580e-01        6.932555e-02        1.480805e-03        5.789104e+00  
  1.387575e+00        1.769869e-02        2.456346e-01        6.652438e-01        6.992050e-02        1.502377e-03        5.791893e+00  
  1.395070e+00        1.745474e-02        2.439974e-01        6.665084e-01        7.051540e-02        1.524101e-03        5.794657e+00  
  1.402565e+00        1.721579e-02        2.423762e-01        6.677519e-01        7.111023e-02        1.545976e-03        5.797395e+00  
  1.410060e+00        1.698172e-02        2.407708e-01        6.689745e-01        7.170495e-02        1.568002e-03        5.800107e+00  
  1.417555e+00        1.675240e-02        2.391813e-01        6.701766e-01        7.229955e-02        1.590177e-03        5.802794e+00  
  1.425050e+00        1.652773e-02        2.376074e-01        6.713583e-01        7.289401e-02        1.612503e-03        5.805456e+00  
  1.432545e+00        1.630761e-02        2.360492e-01        6.725200e-01        7.348830e-02        1.634977e-03        5.808094e+00  
  1.440040e+00        1.609191e-02        2.345064e-01        6.736618e-01        7.408239e-02        1.657599e-03        5.810708e+00  
  1.447535e+00        1.588054e-02        2.329790e-01        6.747839e-01        7.467627e-02        1.680369e-03        5.813297e+00  
  1.455030e+00        1.567340e-02        2.314668e-01        6.758866e-01        7.526992e-02        1.703285e-03        5.815863e+00  
  1.462525e+00        1.547038e-02        2.299698e-01        6.769702e-01        7.586331e-02        1.726349e-03        5.818406e+00  
  1.470020e+00        1.527140e-02        2.284879e-01        6.780348e-01        7.645642e-02        1.749557e-03        5.820925e+00  
  1.477515e+00        1.507635e-02        2.270209e-01        6.790807e-01        7.704924e-02        1.772911e-03        5.823422e+00  
  1.485010e+00        1.488515e-02        2.255687e-01        6.801081e-01        7.764173e-02        1.796410e-03        5.825896e+00  
  1.492505e+00        1.469771e-02        2.241312e-01        6.811172e-01        7.823389e-02        1.820052e-03        5.828348e+00  
